# computed with https://github.com/rafl/oeis-A007082
1 2
2 264
3 1015440
4 90449251200
5 169107043478365440
6 6267416821165079203599360
7 4435711276305905572695127676467200
8 58393052751308545653929138771580386824519680
9 14021772793551297695593332913856884153315254190271692800
10 60498832138791357698014788383803842810832836262245623803123983974400
11 4634412316738789016908635599204529111128926863265784344301938267607714825306112000
12 6241886473313211599049185183084059679907172244395910948895930284652744120986003572856106516480000
13 146622964986821848113823252455480637419672271817601363534599737619027469492280040437393579394302859451091963084800
14 59661789555119617884703758431665890106334759738764577800345195970763427376476271271308115876351559943957834976558826015980257280000
15 418093369547923606229126899155583024543457955303120416178969379635474071425510207385737353258194165262592857482711622643128684017256487102791548928000
16 50205484228690149117187677350525406359929909685741641662729098539628511006504402400771797774085426519349932402046063433965936104677893038794467813394197348430265712640000
17 102855168584344561005555802233381859668979393487796196110750240274601367419424749159863169134305602939802566102526465687609863384634109839340920542296682645976354209076236011418048004096000000
18 3581150283027323123405953371471554256304107354233040214393725297074351025348990819716034536530544196874159070298179857729015558792674512532567596676691610600558219586433207409182815006529405607009922686663000064000
19 2111807715790083462836920041815123077576385195778160259191026514902800502683875677211698293590740316973927568280007011995881404298348567261925826265029754055097459253468148782870381469689822474643082351356051662666207763863489489141760000
